___mi_z_______	__mAz_____  bear 391 138 139 140 141 142 143 144 145 146 129 147 148 149 133 134 135 65 66 67 43 369
___mi_v_______	__mAv_____  cow 1243 439 426 427 428 429 430 431 432 433 434 435 436 437 438 138 139 140 141 142 143 144 145 146 129 147 148 149 133 134 135 65 66 67 43 84
___te_p_______	__tEp_____  goose 1444 1445 1214 535 536 537 538 120 539 540 541 122 542 543 544 142 143 144 145 146 129 147 148 149 133 134 135 65 66 67 43
___go_n_______	__gon_____  horse 882 1481 1482 1483 1386 1484 1243 1485 1486 1487 435 436 437 438 138 139 140 141 142 143 144 145 146 129 147 148 149 133 134 135 65 66 67 43
___bo_s_______	__bos_____  goat 889 1536 428 429 430 431 432 433 434 435 436 437 438 138 139 140 141 142 143 144 145 146 129 147 148 149 133 134 135 65 66 67 43
___ge_d_______	__gEd_____  mouse 2093 138 139 140 141 142 143 144 145 146 129 147 148 149 133 134 135 65 66 67 43 352
___ke_s_______	__kEs_____  pear 1801 1802 388 389 84 76 42 43 567
___de_p_______	__dEp_____  grape 1801 1802 388 389 84 76 42 43 189
___ni_b_______	__nAb_____  fig 1586 1035 1036 1037 406 407 27 28 29 14
___bo_v_______	__bov_____  lime 268 76 42 43 186
___so_m_______	__som_____  peach 2172 2173 411 412 413 414 415 416 417 418 419 420 421 422 423 424 65 66 67 43 218
___ve_n_______	__vEn_____  plum 2207 2208 2172 2173 411 412 413 414 415 416 417 418 419 420 421 422 423 424 65 66 67 43 169
___zo_t_______	__zot_____  broom 39 40 41 42 43
___pi_g_______	__pAg_____  fork 1665 34 1326 1327 3 41 42 43 655
___fu_b_______	__f^b_____  knife 1414 228 221 222 33 34 35 36 37 38 39 40 41 42 43
___do_f_______	__dof_____  sieve 463 40 41 42 43 356
___fi_k_______	__fAk_____  axe 226 227 228 221 33 34 35 36 37 38 39 40 41 42 43 229
___pu_m_______	__p^m_____  spade 135 968 969 355 76 42 43
___ku_g_______	__k^g_____  car 768 942 943 944 945 946 947 948 949 950 951 952 953 954 955 956 957 958 959 960 961 962 963 341 964 965 966 834 967 347 493 494 495 496 497 498 499 500 501 502 503 504 505 506 507 508 509 510 511 318 319 320 40 41 42 43
___tu_d_______	__t^d_____  bike 493 494 495 496 497 498 499 500 501 502 503 504 505 506 507 508 509 510 511 318 319 320 40 41 42 43 390
___su_t_______	__s^t_____  plane 1945 942 1946 1947 1948 1949 1950 1951 510 120 1952 1953 1954 1955 1956 503 1537 345 1957 317 318 319 320 40 41 42 43 545 546
___vi_f_______	__vAf_____  yacht 308 309 310 311 312 313 314 315 316 317 318 319 320 40 41 42 43 745
___ze_k_______	__zEk_____  van 1646 280 281
___nu_z_______	__n^z_____  pram 975 977 978 979 980 318 319 320 40 41 42 43 44
